"full.sun"	"partly.sun"	"shade"	"crevice"
"03-16"	2.3125	2	0.375	0
"03-17"	2.96875	1.25	1.375	0
"03-18"	2.75	4.8125	1.5	0
"03-19"	3.03125	2.3125	1.5	0
"03-20"	3.59375	4.9375	1.625	0
"03-21"	2.15625	2.1875	0.375	0
"03-22"	2.65625	1.3125	1.375	0
"03-23"	3.34375	5.9375	1.75	0
"03-24"	2.15625	1	0.875	0
"03-25"	1.40625	0.5	0	0
"03-26"	2.96875	2.25	0.625	0
"03-27"	3.75	5.9375	1.125	0
"03-28"	2.71875	2.4375	0.875	0
"03-29"	0	0	0	0
"03-30"	2.40625	1.375	0	0
"03-31"	2.40625	0.8125	0.625	0
"04-01"	2.65625	2.125	1.125	0
"04-02"	3	3.0625	1.5	0
"04-03"	2.53125	1.375	1.25	0
"04-04"	2.71875	1.625	1	0
"04-05"	2.53125	2.8125	0.875	0
"04-06"	1.8125	0.75	1.125	0
"04-07"	1.34375	1.125	0.75	0
"04-08"	1.90625	1.25	0.75	0
"04-09"	3.625	4.25	0.75	0
"04-10"	0.28125	0.1875	0	0
"04-11"	2.0625	1.4375	0.625	0
"04-12"	1.03125	1	0.375	0
"04-13"	2.125	1.375	0.625	0
"04-14"	2.25	1.125	0.875	0
"04-15"	1.9375	1.125	1.125	0
"04-16"	3.625	5.75	1.625	0
"04-17"	3.6875	5.875	1.75	0
"04-18"	0.15625	0	0	0
"04-19"	2.0625	0.75	0.875	0
"04-20"	1.6875	1.3125	1.125	0
"04-21"	2.34375	1.9375	1	0
"04-22"	2.90625	2.3125	1.5	0
"04-23"	2.03125	1.125	0.125	0
