"full.sun"	"partly.sun"	"shade"	"crevice"
"03-16"	4	0.875	0	0
"03-17"	4.15625	4.1875	2.875	0.125
"03-18"	3.25	5.3125	3.875	0.875
"03-19"	4.40625	5	4.125	0.375
"03-20"	3.90625	5.75	4	0.625
"03-21"	4.28125	2.25	1	0
"03-22"	4.21875	3.8125	2.375	0
"03-23"	3.3125	6	5.25	4.75
"03-24"	3.875	3.25	1.125	0
"03-25"	4.4375	0.75	0	0
"03-26"	3.9375	3.8125	1.375	0
"03-27"	3.84375	6.5	4.875	4.5
"03-28"	4.9375	5.875	4.375	4.25
"03-29"	0.25	0	0	0
"03-30"	4.21875	1.4375	0	0
"03-31"	3.6875	1.75	0.875	0
"04-01"	3.75	5.3125	4	0.5
"04-02"	4.28125	4.75	3.25	4.75
"04-03"	4.21875	4.125	2.875	0.125
"04-04"	4.375	5.0625	4.125	0.25
"04-05"	3.3125	4.625	3.25	0.125
"04-06"	3.78125	1.5	0.25	0
"04-07"	3.5625	1.875	0.875	0
"04-08"	3.8125	3.1875	1.25	0.125
"04-09"	5.15625	6.3125	4.75	4.375
"04-10"	1.3125	0.125	0	0
"04-11"	3.875	2.0625	0.875	0
"04-12"	3	2.0625	0.75	0
"04-13"	3.21875	2.8125	1.25	0
"04-14"	3.34375	2.75	1.125	0
"04-15"	4.21875	3.8125	1.75	0.375
"04-16"	4.28125	6.375	4.875	2.25
"04-17"	4.5625	6.8125	5.375	6
"04-18"	0.84375	0.0625	0	0
"04-19"	4.15625	1.0625	0.25	0
"04-20"	3.71875	1.5625	0.875	0
"04-21"	4.4375	4.4375	1.5	0.125
"04-22"	4.3125	4.875	2.375	0.375
"04-23"	3.8125	2.375	1	0
