"full.sun"	"partly.sun"	"shade"	"crevice"
"03-16"	0.638888888888889	0.4	0.125	0
"03-17"	1.52777777777778	1.45	2.75	0
"03-18"	1	2.9	0.375	0
"03-19"	0.861111111111111	1.55	0.875	0
"03-20"	1.41666666666667	1.45	0.75	0
"03-21"	1.22222222222222	0.1	0.875	0
"03-22"	1.33333333333333	1.25	1.875	0
"03-23"	1.19444444444444	4	0.625	0
"03-24"	0.75	0	0.875	0
"03-25"	0.527777777777778	0	0.125	0
"03-26"	1.5	1.2	1.125	0
"03-27"	1.75	3.25	1.125	0
"03-28"	1	0.85	0.75	0
"03-29"	0	0	0	0
"03-30"	0.75	0.5	0.5	0
"03-31"	0.833333333333333	1.3	1.75	0
"04-01"	1.16666666666667	1.9	0.75	0
"04-02"	0.972222222222222	1.85	0.875	0
"04-03"	1	2.85	2	0
"04-04"	1.52777777777778	2.1	1.25	0
"04-05"	0.916666666666667	1.1	1.375	0
"04-06"	0.583333333333333	0	0.25	0
"04-07"	0.888888888888889	0.15	1.5	0
"04-08"	0.861111111111111	1.95	1.875	0
"04-09"	1.22222222222222	1.05	1.75	0
"04-10"	0.0833333333333333	0	0.125	0
"04-11"	1.30555555555556	1.55	1.25	0
"04-12"	0.361111111111111	0.55	0.875	0
"04-13"	0.861111111111111	0.55	0.875	0
"04-14"	1.22222222222222	1.5	1.75	0
"04-15"	0.833333333333333	1.9	1.375	0
"04-16"	1.52777777777778	2.25	1.125	0
"04-17"	1.69444444444444	2.55	1.125	0
"04-18"	0.111111111111111	0	0	0
"04-19"	0.833333333333333	0.45	0.375	0
"04-20"	0.75	1.7	1.875	0
"04-21"	1.08333333333333	1.4	2.25	0
"04-22"	1.05555555555556	1.4	1.625	0
"04-23"	0.472222222222222	0.5	1	0
