"full.sun"	"partly.sun"	"shade"	"crevice"
"03-16"	1.625	0.5	0	0
"03-17"	2.54166666666667	2.35	2.125	0
"03-18"	1.91666666666667	4.1	2.5	0
"03-19"	2.5	3.7	3	0
"03-20"	2.45833333333333	4.1	3.125	0
"03-21"	3	1	0	0
"03-22"	2.25	2.3	1.375	0
"03-23"	1.83333333333333	4.85	3.875	0
"03-24"	2.25	1.55	1.5	0
"03-25"	2.20833333333333	0.7	0	0
"03-26"	2.70833333333333	2.25	2.375	0
"03-27"	2.875	6	3.75	0
"03-28"	2.66666666666667	3	1.25	0
"03-29"	0	0	0	0
"03-30"	1.95833333333333	0.6	0	0
"03-31"	2.04166666666667	2.05	0	0
"04-01"	2.41666666666667	3.9	2.25	0
"04-02"	2.33333333333333	3.85	1.25	0
"04-03"	2.08333333333333	3.05	1.125	0
"04-04"	2.58333333333333	3.95	1.875	0
"04-05"	2.16666666666667	3.1	2.125	0
"04-06"	1.79166666666667	1.2	0.75	0
"04-07"	1.75	1.8	0.75	0
"04-08"	1.70833333333333	2.45	1.625	0
"04-09"	3.33333333333333	4	0.625	0
"04-10"	0.375	0	0	0
"04-11"	1.625	1.6	0	0
"04-12"	1.08333333333333	0.85	0.625	0
"04-13"	1.875	1.15	0.125	0
"04-14"	2.08333333333333	1.95	1.375	0
"04-15"	1.91666666666667	2.55	1.5	0
"04-16"	2.70833333333333	4.75	3	0
"04-17"	2.95833333333333	5.3	3.625	0
"04-18"	0.208333333333333	0	0	0
"04-19"	2.29166666666667	0.9	0	0
"04-20"	1.41666666666667	1.35	1	0
"04-21"	2.58333333333333	1.95	1.875	0
"04-22"	2.5	2.7	1.75	0
"04-23"	1.54166666666667	0.5	0	0
