"full.sun"	"partly.sun"	"shade"	"crevice"
"03-16"	7.125	6	7.75	2.375
"03-17"	5.75	5.5	6.5	4.5
"03-18"	5.25	6.41666666666667	7	7.25
"03-19"	5.6875	6.16666666666667	6.75	7.25
"03-20"	5.5625	6.5	6.75	7.125
"03-21"	7.625	7.08333333333333	9.25	6.25
"03-22"	6.125	5.75	7	5.5
"03-23"	4.4375	6.91666666666667	6	7.875
"03-24"	7.03125	7.41666666666667	8.25	7.125
"03-25"	7.1875	5	7.25	1.75
"03-26"	5.53125	6.08333333333333	7.25	3.625
"03-27"	5.34375	7.66666666666667	6.5	6
"03-28"	7.78125	8.41666666666667	8.5	7.875
"03-29"	3.8125	1	3.75	1.125
"03-30"	7.84375	6.83333333333333	8.25	3.625
"03-31"	6.46875	5.33333333333333	6.25	4
"04-01"	5.59375	5.83333333333333	6.5	5.875
"04-02"	6.53125	8	8.25	8.25
"04-03"	6.71875	5.75	6.75	6.5
"04-04"	6.71875	6.83333333333333	7	7.375
"04-05"	6.46875	6.91666666666667	7.5	7.375
"04-06"	6.21875	5.41666666666667	6.25	3.75
"04-07"	5.71875	5.41666666666667	6	3.125
"04-08"	6.125	5.16666666666667	6.25	3.625
"04-09"	8.75	9.16666666666667	10.75	8.25
"04-10"	7.3125	5	8.75	3.375
"04-11"	6.71875	5.58333333333333	6.25	3.5
"04-12"	7.4375	6.08333333333333	6.25	3.875
"04-13"	6.5	6.58333333333333	7	4.875
"04-14"	5.4375	5.41666666666667	5	4.25
"04-15"	6.65625	5.83333333333333	6.5	4.875
"04-16"	5.75	7.91666666666667	6.75	7.75
"04-17"	6.6875	8.66666666666667	6.75	8.25
"04-18"	3.03125	0.333333333333333	3	0
"04-19"	7.125	5.08333333333333	6	1.5
"04-20"	6.4375	5.66666666666667	5.75	2
"04-21"	7.3125	7.08333333333333	6.25	4.875
"04-22"	7.21875	7.41666666666667	6.25	5.5
"04-23"	8.1875	6.83333333333333	8.5	6.875
