"full.sun"	"partly.sun"	"shade"	"crevice"
"03-16"	3.08333333333333	1.75	1.875	0
"03-17"	3.86111111111111	2.6	3.25	1.625
"03-18"	2.66666666666667	4.5	1.75	1.375
"03-19"	3.33333333333333	3.6	2.875	1.625
"03-20"	3.86111111111111	3.95	3.5	0
"03-21"	3	2.55	2.25	0
"03-22"	3.69444444444444	2.45	3.625	1.625
"03-23"	3.08333333333333	5.6	3.25	2.5
"03-24"	3.11111111111111	2.1	2.125	0
"03-25"	2.16666666666667	0.95	0	0
"03-26"	3.75	3.4	1.875	0.375
"03-27"	4.41666666666667	5.9	5	2.5
"03-28"	3.91666666666667	3.4	2	0
"03-29"	0	0	0	0
"03-30"	3.27777777777778	1.8	0.125	0
"03-31"	3.27777777777778	1.95	1.5	0.75
"04-01"	2.75	3.75	2.625	2.125
"04-02"	3.44444444444444	3.7	2	3
"04-03"	3.72222222222222	2.75	2.875	2.125
"04-04"	3.58333333333333	3.15	3.25	1.75
"04-05"	3.13888888888889	3.5	2.25	0
"04-06"	1.94444444444444	2.35	0.625	0
"04-07"	2.63888888888889	2.35	1.375	0
"04-08"	3.41666666666667	2.45	2.5	1.625
"04-09"	4.52777777777778	5.3	2.25	0
"04-10"	0.75	0.25	0.125	0
"04-11"	3.61111111111111	2.4	2	0
"04-12"	1.80555555555556	1.65	0.5	0
"04-13"	2.86111111111111	2.25	1	0
"04-14"	3.19444444444444	2.35	2.125	0.625
"04-15"	3.77777777777778	2.25	2.75	1.875
"04-16"	4.30555555555556	5.1	3.375	2.375
"04-17"	4.38888888888889	4.5	3.875	2.375
"04-18"	0.444444444444444	0.1	0	0
"04-19"	2.33333333333333	2.5	0	0
"04-20"	3.25	2.4	0.25	0
"04-21"	3.97222222222222	3	2.5	0
"04-22"	4.36111111111111	3.25	2.125	0
"04-23"	2.11111111111111	2.3	0.625	0
