"full.sun"	"partly.sun"	"shade"	"crevice"
"03-16"	0.944444444444444	0.9	0.375	0
"03-17"	3.47222222222222	2	1.375	0
"03-18"	2.30555555555556	2.55	1	0
"03-19"	2.72222222222222	2.05	1.375	0
"03-20"	2.77777777777778	2.4	1.5	0
"03-21"	2.41666666666667	1.4	0.75	0
"03-22"	2.77777777777778	1.8	1.375	0
"03-23"	2.27777777777778	3.45	2.125	0
"03-24"	2.61111111111111	1.1	1.25	0
"03-25"	2.75	0.5	0	0
"03-26"	3.36111111111111	2	1.25	0
"03-27"	2.83333333333333	4.4	3	0
"03-28"	2.83333333333333	2.2	0.625	0
"03-29"	0	0	0	0
"03-30"	2.38888888888889	0.45	0	0
"03-31"	2.88888888888889	1.9	1.375	0
"04-01"	2.75	2.15	1.625	0
"04-02"	2.66666666666667	2.5	0.625	0
"04-03"	3.44444444444444	2.6	1.75	0
"04-04"	3.02777777777778	2.2	1.5	0
"04-05"	2.30555555555556	2.35	1.25	0
"04-06"	2.61111111111111	1	0.875	0
"04-07"	2.22222222222222	1.5	1.125	0
"04-08"	2.63888888888889	1.85	1.625	0
"04-09"	3.80555555555556	3.4	0.75	0
"04-10"	0.333333333333333	0.05	0	0
"04-11"	2.36111111111111	2.05	1.25	0
"04-12"	1.25	1.1	0.375	0
"04-13"	2.55555555555556	1.4	0.25	0
"04-14"	2.52777777777778	2.1	1.25	0
"04-15"	3	2.35	1.75	0
"04-16"	3.11111111111111	4.15	1.75	0
"04-17"	3.22222222222222	3.8	2.5	0
"04-18"	0.222222222222222	0	0	0
"04-19"	2.44444444444444	0.5	0.25	0
"04-20"	2.25	1.65	1.25	0
"04-21"	3.08333333333333	2.25	1.75	0
"04-22"	3.36111111111111	2.5	1.25	0
"04-23"	2.36111111111111	0.7	0.375	0
