"full.sun"	"partly.sun"	"shade"	"crevice"
"03-16"	1.44444444444444	2.35	0	0
"03-17"	2.55555555555556	2.65	0.625	0
"03-18"	2.02777777777778	3.65	1.25	0
"03-19"	2.75	2.4	1.125	0
"03-20"	2.80555555555556	2.85	1.125	0
"03-21"	2.38888888888889	2.5	0.625	0
"03-22"	2.30555555555556	2.9	0.875	0
"03-23"	1.94444444444444	4.05	2.875	2.875
"03-24"	2.38888888888889	1.6	0.125	0
"03-25"	1.75	1.65	0	0
"03-26"	2.91666666666667	2.75	0	0
"03-27"	2.61111111111111	4.1	2.25	2.625
"03-28"	2.61111111111111	2.6	0.75	0.5
"03-29"	0.0277777777777778	0	0	0
"03-30"	1.88888888888889	1.4	0	0
"03-31"	2.19444444444444	2.95	0.125	0
"04-01"	2.72222222222222	2.4	1.375	0
"04-02"	2.61111111111111	3.45	1.375	0.25
"04-03"	2.69444444444444	2.4	1.375	0
"04-04"	2.69444444444444	2.9	1.25	0
"04-05"	2.61111111111111	2.1	1.25	1.125
"04-06"	1.16666666666667	1.95	0	0
"04-07"	1.77777777777778	1.7	0	0
"04-08"	2.27777777777778	2.55	1.125	0
"04-09"	3.27777777777778	4.05	1.375	1.875
"04-10"	0.361111111111111	0.3	0	0
"04-11"	2.02777777777778	2.8	0.75	0
"04-12"	1.16666666666667	0.95	0	0
"04-13"	1.80555555555556	1.65	0.375	0
"04-14"	2.52777777777778	2.25	0.625	0
"04-15"	2.55555555555556	2.1	1.125	0
"04-16"	2.91666666666667	3.55	1.375	2.875
"04-17"	3.22222222222222	3.35	2.125	3.375
"04-18"	0.222222222222222	0	0	0
"04-19"	1.05555555555556	2.15	0.25	0
"04-20"	1.55555555555556	2	0.25	0
"04-21"	3.05555555555556	2.7	1.25	0
"04-22"	3.19444444444444	2.45	1.25	1
"04-23"	1.25	2.5	0.875	0
