"full.sun"	"partly.sun"	"shade"	"crevice"
"03-16"	1.46875	0.4375	0	0
"03-17"	2.59375	1.6875	0	0
"03-18"	3.46875	2.125	1	0
"03-19"	3.375	2.125	0.75	0
"03-20"	2.78125	2.3125	0.875	0
"03-21"	2.375	2.125	0	0
"03-22"	2.0625	1.75	0	0
"03-23"	2.75	2.75	1.375	2
"03-24"	1.4375	0.8125	0.375	0
"03-25"	1.5	0.8125	0	0
"03-26"	2.875	1.5	0	0
"03-27"	3.5	2.875	0.875	1.125
"03-28"	2.03125	1.4375	0.625	0
"03-29"	0	0	0	0
"03-30"	1.25	0.4375	0	0
"03-31"	2.0625	1.4375	0	0
"04-01"	2.625	1.8125	0	0
"04-02"	2.40625	2.25	0.375	0.25
"04-03"	2.6875	2	0	0
"04-04"	2.875	1.8125	0	0
"04-05"	2.21875	1.875	0.625	0
"04-06"	1.40625	0.6875	0	0
"04-07"	1.1875	1.3125	0	0
"04-08"	2.25	1.75	0	0
"04-09"	3.34375	2	0.75	0
"04-10"	0.28125	0.125	0	0
"04-11"	1.9375	1.9375	0	0
"04-12"	1.1875	0.6875	0	0
"04-13"	2.03125	1.1875	0	0
"04-14"	2.15625	1.8125	0	0
"04-15"	2.65625	1.5	0	0
"04-16"	3.09375	1.8125	0.75	1.25
"04-17"	3.40625	2.375	0.875	1.5
"04-18"	0.1875	0.125	0	0
"04-19"	1.46875	0.9375	0	0
"04-20"	1.84375	0.9375	0	0
"04-21"	2.28125	1.5	0	0
"04-22"	2.53125	1.5625	0	0
"04-23"	1.53125	0.4375	0	0
