"full.sun"	"partly.sun"	"shade"	"crevice"
"03-16"	2.33333333333333	2.15	1.125	0
"03-17"	2.58333333333333	1.2	2.5	0
"03-18"	2.22222222222222	1.95	1.5	0
"03-19"	2.66666666666667	1.1	1.625	0.625
"03-20"	2.88888888888889	1.35	1.625	0
"03-21"	2.47222222222222	1.7	0.125	0
"03-22"	2.61111111111111	1.15	2.25	0
"03-23"	2.25	3.75	1.5	0.875
"03-24"	2.11111111111111	1.25	0.625	0
"03-25"	1.97222222222222	0.95	0	0
"03-26"	2.41666666666667	1.15	0	0
"03-27"	3.11111111111111	3.9	0	0
"03-28"	2.52777777777778	1.8	0	0
"03-29"	0	0	0	0
"03-30"	2.33333333333333	0.85	0	0
"03-31"	2.38888888888889	1.45	0	0
"04-01"	2.22222222222222	2.25	1.625	0.625
"04-02"	2.61111111111111	3.05	1	0.25
"04-03"	2.5	1.45	1.625	0.625
"04-04"	2.61111111111111	1.1	1.625	0.5
"04-05"	2.30555555555556	1.85	1.5	0
"04-06"	1.77777777777778	1.7	0	0
"04-07"	2.02777777777778	1.8	0	0
"04-08"	2.41666666666667	1	1.875	0
"04-09"	3.80555555555556	2.3	0.25	0
"04-10"	0.361111111111111	0.05	0	0
"04-11"	2.11111111111111	1.5	1.5	0
"04-12"	1.11111111111111	1	0	0
"04-13"	2.13888888888889	1.15	0.5	0
"04-14"	2.16666666666667	0.9	1.625	0
"04-15"	2.5	2.1	2	0.375
"04-16"	3.22222222222222	3.95	2	0
"04-17"	3.30555555555556	3.25	2.5	0
"04-18"	0.138888888888889	0.1	0	0
"04-19"	1.86111111111111	1.5	0	0
"04-20"	1.77777777777778	1.7	1	0
"04-21"	2.80555555555556	2.25	1.25	0
"04-22"	3.05555555555556	2.8	1.375	0
"04-23"	1.55555555555556	0.5	0	0
