"full.sun"	"partly.sun"	"shade"	"crevice"
"03-16"	3.32142857142857	3.58333333333333	1.75	0.125
"03-17"	3.57142857142857	6.41666666666667	3.25	4.125
"03-18"	3.07142857142857	6.08333333333333	4.75	6.25
"03-19"	3.64285714285714	6.91666666666667	3.875	5.875
"03-20"	3.75	6.25	4.5	5.875
"03-21"	3.07142857142857	3.41666666666667	0	4.25
"03-22"	3.57142857142857	6.25	3.25	4.75
"03-23"	3.03571428571429	6.5	6.125	7
"03-24"	3.39285714285714	3.75	1.875	1.75
"03-25"	3.75	1.58333333333333	0	0
"03-26"	3.5	5.83333333333333	0.375	3.375
"03-27"	4.28571428571429	6.33333333333333	5	7
"03-28"	4.5	7.33333333333333	4.625	6.875
"03-29"	0.178571428571429	0	0	0
"03-30"	3.82142857142857	4.58333333333333	0	0.125
"03-31"	3.10714285714286	4.25	0.375	3.75
"04-01"	3.32142857142857	6.66666666666667	3	6.25
"04-02"	3.78571428571429	5.58333333333333	1.875	7.25
"04-03"	3.35714285714286	6.08333333333333	2.625	6.375
"04-04"	4	6.5	3.875	6.375
"04-05"	3.71428571428571	5.83333333333333	3.5	6.125
"04-06"	3	1.66666666666667	0.5	0.125
"04-07"	3.07142857142857	2.83333333333333	0.5	1.125
"04-08"	3.10714285714286	5.83333333333333	1.625	4.5
"04-09"	4.82142857142857	6.91666666666667	4.875	7.875
"04-10"	1.25	0.25	0	0
"04-11"	3.28571428571429	5.41666666666667	1	3.375
"04-12"	2.57142857142857	3.91666666666667	0.5	0.375
"04-13"	3.10714285714286	4.41666666666667	0.875	0.75
"04-14"	3.14285714285714	4.58333333333333	1.25	2.625
"04-15"	3.17857142857143	6.33333333333333	1.875	5.875
"04-16"	4.21428571428571	6.66666666666667	5.375	7
"04-17"	4.28571428571429	6.75	6.375	8.25
"04-18"	0.678571428571429	0	0	0
"04-19"	3	2.58333333333333	0	0.125
"04-20"	3.28571428571429	4.58333333333333	0.25	0
"04-21"	3.64285714285714	6.5	1.625	4.125
"04-22"	3.89285714285714	6.83333333333333	2.625	5.125
"04-23"	2.96428571428571	4.5	1.125	2.5
