"full.sun"	"partly.sun"	"shade"	"crevice"
"03-16"	1.63888888888889	0.7	0	0
"03-17"	2.41666666666667	1.3	0.25	0
"03-18"	1.36111111111111	1.85	3.25	0.25
"03-19"	2.11111111111111	1.2	1.25	1.25
"03-20"	1.77777777777778	1.65	1.5	0
"03-21"	2.02777777777778	0.7	0	0
"03-22"	1.97222222222222	1.45	0	0
"03-23"	1.55555555555556	2.55	5	1.75
"03-24"	2	1	0	0
"03-25"	1.83333333333333	0.6	0	0
"03-26"	2.22222222222222	1.9	0	0
"03-27"	1.61111111111111	2.55	1.25	1.125
"03-28"	1.97222222222222	1.35	0.5	0
"03-29"	0	0	0	0
"03-30"	1.5	0.5	0	0
"03-31"	1.69444444444444	1.8	0	0
"04-01"	1.86111111111111	1.25	0	2.375
"04-02"	1.91666666666667	1.8	1	1.125
"04-03"	2.22222222222222	2	0	1.375
"04-04"	2.22222222222222	1.65	0	1.25
"04-05"	1.69444444444444	1.4	0	0
"04-06"	1.41666666666667	1	0	0
"04-07"	1.5	1.9	0	0
"04-08"	1.94444444444444	1.85	0	0.5
"04-09"	2.77777777777778	2.4	0	0
"04-10"	0.25	0.1	0	0
"04-11"	1.83333333333333	1.6	0	0
"04-12"	0.972222222222222	0.45	0	0
"04-13"	1.5	1.25	0	0
"04-14"	1.94444444444444	1.1	0	0
"04-15"	1.75	1.5	0	2
"04-16"	2	2.65	0.75	0.125
"04-17"	2.11111111111111	2.55	3	0.375
"04-18"	0.166666666666667	0	0	0
"04-19"	1.5	1.15	0	0
"04-20"	1.63888888888889	1.25	0	0
"04-21"	2.47222222222222	1.75	0	0
"04-22"	2.41666666666667	1.85	0	0
"04-23"	1.63888888888889	1.15	0	0
