"full.sun"	"partly.sun"	"shade"	"crevice"
"03-16"	3.25	2.45	1.5	0
"03-17"	4.13888888888889	5.1	1.5	1.75
"03-18"	3.77777777777778	6.05	2	3.25
"03-19"	3.69444444444444	6.4	1.75	3.125
"03-20"	4.41666666666667	6.8	1.625	3.25
"03-21"	3.47222222222222	3.45	2.375	2.625
"03-22"	3.91666666666667	4.5	1.875	2.125
"03-23"	3.52777777777778	6.4	2.875	5.5
"03-24"	3.5	3.45	2.25	0
"03-25"	3.02777777777778	1.85	0.625	0
"03-26"	4.63888888888889	5	2.125	1.75
"03-27"	5.05555555555556	7.6	3.875	5.625
"03-28"	4.88888888888889	6.45	2.5	3.375
"03-29"	0.138888888888889	0	0	0
"03-30"	3.88888888888889	3.35	0.25	0
"03-31"	3.63888888888889	3.5	1.75	1.125
"04-01"	3.63888888888889	5.65	1.875	3.5
"04-02"	4.19444444444444	5.2	2.75	4
"04-03"	3.80555555555556	5.25	2.125	3.375
"04-04"	4.27777777777778	6.3	2.25	3.25
"04-05"	3.72222222222222	5.3	2	3.125
"04-06"	2.61111111111111	3.05	1.375	0
"04-07"	3.13888888888889	3.85	1.875	0
"04-08"	3.83333333333333	4.15	2.125	2.25
"04-09"	5.58333333333333	7.7	2.5	4.25
"04-10"	1.30555555555556	0.45	0.125	0
"04-11"	3.80555555555556	4.5	1.875	1.875
"04-12"	2.80555555555556	2.7	1	0
"04-13"	3.97222222222222	3.75	1.375	0
"04-14"	3.72222222222222	3.85	2	1.125
"04-15"	3.61111111111111	4.45	2	3.5
"04-16"	4.69444444444444	6.75	3.625	4.375
"04-17"	4.91666666666667	6.95	3.625	6.625
"04-18"	0.666666666666667	0.1	0	0
"04-19"	2.91666666666667	3.3	0.75	0
"04-20"	3.44444444444444	3.65	1.5	0
"04-21"	4.5	5.75	2	2.875
"04-22"	4.80555555555556	6.45	2.375	3.25
"04-23"	2.97222222222222	3.45	1.375	1.125
