"full.sun"	"partly.sun"	"shade"	"crevice"
"03-16"	5.5	3.08333333333333	2.625	3.125
"03-17"	5.39285714285714	6	3.625	3.5
"03-18"	4.25	7.16666666666667	6.125	5.75
"03-19"	5.39285714285714	7.25	6.375	5.5
"03-20"	5	7	5.25	5.5
"03-21"	5.82142857142857	3.83333333333333	2	3.875
"03-22"	5	6.08333333333333	4.625	3.625
"03-23"	4.07142857142857	8.33333333333333	7	6.375
"03-24"	5.32142857142857	6.5	3.125	4.625
"03-25"	5.96428571428571	2.58333333333333	0.5	2.5
"03-26"	5.10714285714286	4.66666666666667	2.75	4.125
"03-27"	5.5	8.08333333333333	7.5	6
"03-28"	6.89285714285714	8.16666666666667	7.875	6.125
"03-29"	1.39285714285714	0.0833333333333333	0	0
"03-30"	5.82142857142857	4.5	1.25	3.25
"03-31"	4.35714285714286	3.83333333333333	2.125	3.25
"04-01"	4.53571428571429	6.5	5.75	5.25
"04-02"	5.07142857142857	8.91666666666667	7.5	7
"04-03"	5.32142857142857	6.16666666666667	5.125	4.5
"04-04"	5.10714285714286	7.41666666666667	6.375	5.75
"04-05"	4.85714285714286	6.91666666666667	6.5	5.5
"04-06"	4	4	2.125	2.875
"04-07"	4	3.91666666666667	2.5	3
"04-08"	4.46428571428571	4.83333333333333	3.125	3.375
"04-09"	7.10714285714286	10.25	9.75	8
"04-10"	3.5	0.5	0.25	1.5
"04-11"	4.60714285714286	4.66666666666667	2.875	3.25
"04-12"	5.25	4.83333333333333	2.375	3
"04-13"	4.14285714285714	4.91666666666667	2.75	3.375
"04-14"	3.89285714285714	4.58333333333333	3	3.75
"04-15"	5.17857142857143	6.08333333333333	4.375	4.625
"04-16"	5.03571428571429	9	7.75	6.125
"04-17"	6.28571428571429	9.5	9.5	7.375
"04-18"	1.60714285714286	0.166666666666667	0	0
"04-19"	5.32142857142857	1.83333333333333	1.125	1.875
"04-20"	4.60714285714286	3.83333333333333	2.375	2.875
"04-21"	5.25	6.33333333333333	3.375	5.125
"04-22"	5.53571428571429	6.91666666666667	5.375	5.5
"04-23"	5.21428571428571	5.08333333333333	3.5	3.75
