"full.sun"	"partly.sun"	"shade"	"crevice"
"03-16"	1.05555555555556	0.5	0	0
"03-17"	0.805555555555556	0.4	0	0
"03-18"	1.22222222222222	0.9	0	0
"03-19"	1.63888888888889	0.45	0	0
"03-20"	1.69444444444444	0.45	0	0
"03-21"	0.972222222222222	0.75	0	0
"03-22"	0.777777777777778	0.9	0	0
"03-23"	1.16666666666667	2.6	0.125	3.125
"03-24"	0.888888888888889	0.5	0	0
"03-25"	1.08333333333333	0.1	0	0
"03-26"	1.69444444444444	0.55	0	0
"03-27"	1.86111111111111	2.45	0	2
"03-28"	1.25	0.75	0	0
"03-29"	0	0	0	0
"03-30"	0.833333333333333	0	0	0
"03-31"	0.694444444444444	0.6	0	0
"04-01"	1.72222222222222	1	0	0
"04-02"	1.22222222222222	1.7	0	0.125
"04-03"	1	0.75	0	0
"04-04"	1.83333333333333	0.8	0	0
"04-05"	1.38888888888889	0.85	0	0
"04-06"	0.75	0.2	0	0
"04-07"	0.611111111111111	0.85	0	0
"04-08"	0.861111111111111	0.5	0	0
"04-09"	2.05555555555556	1.3	0	0.125
"04-10"	0.166666666666667	0.05	0	0
"04-11"	0.777777777777778	0.85	0	0
"04-12"	0.555555555555556	0.4	0	0
"04-13"	1.05555555555556	0.35	0	0
"04-14"	0.722222222222222	0.35	0	0
"04-15"	1.19444444444444	1.3	0	0
"04-16"	1.77777777777778	2.3	0	1.5
"04-17"	1.94444444444444	1.9	0	2.125
"04-18"	0.0833333333333333	0	0	0
"04-19"	0.972222222222222	0.35	0	0
"04-20"	0.611111111111111	0.55	0	0
"04-21"	1.27777777777778	0.85	0	0
"04-22"	1.72222222222222	1.5	0	0
"04-23"	0.861111111111111	0.4	0	0
