"full.sun"	"partly.sun"	"shade"	"crevice"
"03-16"	5.375	1.9375	3.125	0
"03-17"	5.625	5.125	2.5	0
"03-18"	4.46875	6.125	5.875	3.75
"03-19"	5.71875	6.25	7	3.75
"03-20"	5	6.125	6.5	4
"03-21"	5.90625	4.5625	4	4
"03-22"	5.25	4.0625	3	0
"03-23"	4.5	6.25	6.75	4.25
"03-24"	5.75	5.0625	6.125	2.5
"03-25"	6.1875	3.125	3.25	0
"03-26"	4.9375	5.4375	2.625	2.75
"03-27"	5.59375	6.375	6.875	4
"03-28"	6.96875	7	9.25	4.25
"03-29"	1.5	0	0.25	0
"03-30"	5.96875	3.6875	2.75	0
"03-31"	4.96875	2.5625	2.875	0
"04-01"	5.4375	6.25	5.75	3.75
"04-02"	5.03125	5.875	7.5	5.5
"04-03"	5.75	5.125	3.875	3
"04-04"	5.5	6.25	5.75	3.5
"04-05"	5.53125	6.375	6.125	4
"04-06"	4.4375	3.125	2.75	0
"04-07"	4.34375	3.3125	2.375	0
"04-08"	4.90625	4.0625	2.75	0
"04-09"	7.375	8.0625	9	5
"04-10"	2.6875	0.375	1.125	0
"04-11"	5.125	3.5	2.75	0
"04-12"	4.8125	3.9375	3.25	0
"04-13"	4.71875	4.6875	2.25	0.25
"04-14"	4.5	4	2.75	0
"04-15"	5.34375	5.625	4.5	3
"04-16"	5.65625	6.5	6.375	3.75
"04-17"	6.1875	7.4375	8.125	5.5
"04-18"	1.625	0.5	1.375	0.25
"04-19"	4.96875	3.5625	3	0
"04-20"	4.84375	3.5	3	0
"04-21"	5.4375	6.3125	3.375	3
"04-22"	5.75	6.6875	4.375	4
"04-23"	5.65625	5.3125	5.375	3.25
