"full.sun"	"partly.sun"	"shade"	"crevice"
"12-03"	2.8125	2.2	1.5	0
"12-04"	2.95833333333333	3.65	0.875	0
"12-05"	3.89583333333333	2.75	1	0
"12-06"	3.9375	4.45	1.875	1.5
"12-07"	1.4375	2.3	5.25	5.5
"12-08"	1.04166666666667	1.55	6.875	7.5
"12-09"	3.3125	1.9	1.375	0
"12-10"	3.85416666666667	2.8	0.875	0
"12-11"	3.60416666666667	3.5	0.875	0
"12-12"	3.8125	3.65	0.875	0
"12-13"	1.1875	0.3	0	0
"12-14"	2.77083333333333	3.55	1.125	0
"12-15"	2.41666666666667	3.3	2.5	2
"12-16"	4.125	3.9	1.375	0
"12-17"	0	0	0	0
"12-18"	1.83333333333333	1.05	0.375	0
"12-19"	3.6875	4.35	1.125	0
"12-20"	1.77083333333333	3.75	3.375	2.375
"12-21"	4.25	2.35	0.625	0
"12-22"	2.60416666666667	4.35	1.625	0
"12-23"	3.89583333333333	6	2	0
"12-24"	3.25	4.35	1	0
"12-25"	3.77083333333333	3.6	0.875	0
"12-26"	2.375	3.9	1.125	0
"12-27"	2.70833333333333	4.7	1.75	1.5
"12-28"	3.41666666666667	3.8	1	0.375
"12-29"	2.3125	4	2	2
"12-30"	3.16666666666667	4.65	2.25	2.625
"12-31"	3.8125	5.2	2.25	0
"01-01"	2.625	2.6	1.375	0
"01-02"	2.75	4.15	1.25	0
"01-03"	1.58333333333333	4.3	4.25	3.375
"01-04"	1.4375	1.8	6	6.875
"01-05"	3.35416666666667	5.1	3.125	2.375
"01-06"	1.95833333333333	3.8	4.25	3
"01-07"	4.125	3.9	0.125	0
"01-08"	3.64583333333333	4.2	1.125	0
"01-09"	1.60416666666667	1.7	0.5	0
