"full.sun"	"partly.sun"	"shade"	"crevice"
"12-03"	1.41666666666667	1.2	2.25	0
"12-04"	1.70833333333333	1.85	1.25	0
"12-05"	1.91666666666667	1.35	0.75	0
"12-06"	2.0625	2.65	2.625	0.125
"12-07"	0.9375	1.4	5.375	6.5
"12-08"	0.5625	1.15	2.25	4.875
"12-09"	1.14583333333333	0.9	1.5	0
"12-10"	1.54166666666667	1.1	1.75	0
"12-11"	1.77083333333333	1.6	1.625	0
"12-12"	1.91666666666667	1.7	1.625	0
"12-13"	0.583333333333333	0.3	0	0
"12-14"	1.8125	1.9	1.625	0
"12-15"	1.35416666666667	1.9	3.125	0
"12-16"	1.95833333333333	1.65	2.5	0
"12-17"	0	0	0	0
"12-18"	0.875	0.5	1	0
"12-19"	2.0625	2.3	1.75	0
"12-20"	0.979166666666667	1.55	3.625	2.125
"12-21"	1.75	0.6	1.875	0
"12-22"	1.52083333333333	2.4	1.5	0
"12-23"	2.3125	2.75	2.5	0
"12-24"	1.33333333333333	1.9	1.5	0
"12-25"	1.91666666666667	1.65	1.625	0
"12-26"	2.08333333333333	1.9	1.375	0
"12-27"	1.45833333333333	1.85	3.125	0
"12-28"	2.27083333333333	2.2	1.125	0
"12-29"	1.4375	2.05	4.25	0.875
"12-30"	1.70833333333333	2.5	4	1.625
"12-31"	1.89583333333333	2.5	2.125	0.75
"01-01"	1.33333333333333	1.25	2.625	0
"01-02"	1.66666666666667	2.15	1.625	0
"01-03"	1.125	1.75	3.375	3
"01-04"	0.75	1.15	3.25	7
"01-05"	2	2.2	4.375	0.625
"01-06"	1.10416666666667	1.9	4.5	4.25
"01-07"	2.27083333333333	1.3	2	0
"01-08"	1.89583333333333	1.75	1.5	0
"01-09"	1.02083333333333	1	0.25	0
