"full.sun"	"partly.sun"	"shade"	"crevice"
"12-03"	0.833333333333333	0.4	0	0
"12-04"	1.91666666666667	0.75	0.625	0
"12-05"	2.3125	0.7	0.375	0
"12-06"	2.29166666666667	3.35	0.625	0
"12-07"	1.1875	2.4	5	2.75
"12-08"	1.08333333333333	1.85	3.75	2.5
"12-09"	0.916666666666667	0.1	0	0
"12-10"	2.08333333333333	0.4	0.625	0
"12-11"	1.35416666666667	0.15	0.5	0
"12-12"	1.6875	0.25	0.75	0
"12-13"	0.541666666666667	0.05	0	0
"12-14"	2.64583333333333	0.45	0.5	0
"12-15"	1.41666666666667	4	2	0.125
"12-16"	1.3125	0.5	0.25	0
"12-17"	0	0	0	0
"12-18"	0.645833333333333	0.25	0	0
"12-19"	2.8125	0.95	0.5	0
"12-20"	1.33333333333333	4.4	3.5	1
"12-21"	1.625	0.2	0	0
"12-22"	1.72916666666667	2.9	0.75	0.5
"12-23"	3.04166666666667	2.4	0.375	0
"12-24"	2.25	0.8	0.625	0
"12-25"	2.25	0.45	0.625	0
"12-26"	2.16666666666667	1.6	0.375	0
"12-27"	1.70833333333333	2.25	1.125	0
"12-28"	2.64583333333333	0.85	0.25	0
"12-29"	1.9375	3.95	1.75	0
"12-30"	2.0625	3.7	0.75	0
"12-31"	1.91666666666667	2.1	1	0
"01-01"	0.416666666666667	0.2	0	0
"01-02"	2.20833333333333	2.35	0.375	0
"01-03"	1.22916666666667	4.65	3.875	1.75
"01-04"	1.10416666666667	2.3	4.5	3.125
"01-05"	1.6875	3.45	1.125	0.25
"01-06"	1.625	5.05	3.125	0
"01-07"	1.8125	0.75	0.625	0
"01-08"	2.20833333333333	0.7	0.375	0
"01-09"	1.29166666666667	0.1	0.375	0
