"full.sun"	"partly.sun"	"shade"	"crevice"
"12-03"	2.89583333333333	0.55	0	0
"12-04"	2.77083333333333	4.4	1	0
"12-05"	2.75	1.8	0.125	0
"12-06"	3.58333333333333	5.85	1.25	1.25
"12-07"	1.54166666666667	1.55	2	4.375
"12-08"	0.770833333333333	0.9	3.125	1.75
"12-09"	1.70833333333333	0.45	0.125	0
"12-10"	2.60416666666667	0.7	0	0
"12-11"	1.9375	2	0.875	0
"12-12"	2.14583333333333	1.55	0.625	0
"12-13"	1.20833333333333	0.6	0	0
"12-14"	3.14583333333333	4	0.625	0
"12-15"	2.08333333333333	4.05	1.625	2.75
"12-16"	2.64583333333333	2.25	0.5	0
"12-17"	0	0	0	0
"12-18"	1.52083333333333	0.4	0	0
"12-19"	3.08333333333333	4.95	1.125	0
"12-20"	2.0625	4	1.625	3
"12-21"	3.625	2.35	0	0
"12-22"	2.16666666666667	3.5	1.375	0
"12-23"	3.64583333333333	5.05	0.625	0
"12-24"	2.47916666666667	4.35	1.125	0.25
"12-25"	3.14583333333333	3.85	0.75	0
"12-26"	2.66666666666667	3.7	1.125	0
"12-27"	2.47916666666667	4.7	1.375	2.125
"12-28"	3.20833333333333	3.8	1	0
"12-29"	2.45833333333333	4.2	1.625	2.875
"12-30"	2.9375	4.7	1.375	3.375
"12-31"	3.08333333333333	4.05	0.875	2.625
"01-01"	2.75	0.75	0	0
"01-02"	2.875	4.55	1.125	0
"01-03"	1.91666666666667	4.1	1.75	3
"01-04"	1.14583333333333	1.3	2.625	2.25
"01-05"	2.75	4.85	1.375	2.875
"01-06"	1.97916666666667	2.4	1.375	3.875
"01-07"	4.64583333333333	3.6	0.125	0
"01-08"	2.91666666666667	4.25	0.875	0
"01-09"	1.47916666666667	1.95	0.625	0
