"full.sun"	"partly.sun"	"shade"	"crevice"
"12-03"	2.10416666666667	0.45	0.75	0
"12-04"	2.125	0.7	0.75	0
"12-05"	2.79166666666667	0.85	0.625	0
"12-06"	2.79166666666667	2.05	2.25	0.375
"12-07"	1.35416666666667	3.35	4.75	3.875
"12-08"	0.895833333333333	2	4	8
"12-09"	1.5	0.75	0.625	0.625
"12-10"	2.625	0.75	0.5	0
"12-11"	2.3125	0.55	0.625	0
"12-12"	2.08333333333333	0.75	0.75	0
"12-13"	1.08333333333333	0.4	0	0
"12-14"	2.66666666666667	0.65	0.375	0.25
"12-15"	2	2.45	2.5	1
"12-16"	2.47916666666667	1.25	0.625	0
"12-17"	0	0	0	0
"12-18"	1.375	0.55	0.25	0
"12-19"	3.04166666666667	1.1	0.375	0.125
"12-20"	1.83333333333333	2.95	2.75	1
"12-21"	3.54166666666667	1.35	0.125	0
"12-22"	1.64583333333333	2.35	1.5	0.75
"12-23"	2.97916666666667	2.6	0.75	0.375
"12-24"	2.20833333333333	1.55	0.75	0.125
"12-25"	2.25	1.1	0.75	0
"12-26"	2.14583333333333	1.4	0.875	0.5
"12-27"	2.22916666666667	1.75	1.875	0.625
"12-28"	2.79166666666667	1.25	1	0
"12-29"	2.08333333333333	2.5	2.625	0.375
"12-30"	2.64583333333333	2.05	3.125	0.875
"12-31"	2.625	2.45	1.875	0
"01-01"	2.14583333333333	0.6	0.875	0
"01-02"	2.41666666666667	2.05	0.625	0.5
"01-03"	1.6875	2.8	3.5	0.75
"01-04"	1.10416666666667	2.65	4.625	6.375
"01-05"	2.41666666666667	2.85	3.125	1.5
"01-06"	1.85416666666667	3.15	4	2
"01-07"	4.08333333333333	2.6	0.125	0
"01-08"	2.29166666666667	1	0.5	0
"01-09"	1.3125	0.3	0	0
