"full.sun"	"partly.sun"	"shade"	"crevice"
"12-03"	3.81818181818182	4.7	4.625	2.875
"12-04"	3.52272727272727	5.05	7	4.375
"12-05"	3.77272727272727	4.75	4.75	4
"12-06"	3.68181818181818	5.35	7.625	6.125
"12-07"	1.54545454545455	2.5	4.375	7.375
"12-08"	0.863636363636364	1.35	4	6.5
"12-09"	3.97727272727273	4.2	4	2.625
"12-10"	3.88636363636364	4.75	3.875	2
"12-11"	3.59090909090909	5.15	6	1.875
"12-12"	3.61363636363636	4.9	5.875	1.875
"12-13"	4.36363636363636	4.45	3.375	0.875
"12-14"	3.09090909090909	4.8	6.25	3.875
"12-15"	2.20454545454545	4.4	6	6
"12-16"	4.63636363636364	5.85	7	5.5
"12-17"	0.386363636363636	0	0	0
"12-18"	3.72727272727273	3.3	2.75	1.5
"12-19"	3.5	5	7.375	5
"12-20"	2.09090909090909	4.4	4.875	6.25
"12-21"	6.13636363636364	7.25	8.25	7.375
"12-22"	2.40909090909091	4.75	5.625	6
"12-23"	3.36363636363636	5.6	6.875	6.25
"12-24"	2.95454545454545	4.55	7	6
"12-25"	3.84090909090909	5	6.875	2.5
"12-26"	2.59090909090909	4.85	6.25	4.625
"12-27"	3.18181818181818	4.7	7.125	6.625
"12-28"	3.81818181818182	5.65	7.5	5.75
"12-29"	2.90909090909091	4.5	6.625	6.625
"12-30"	2.97727272727273	5.15	6.375	7.25
"12-31"	2.97727272727273	4.95	5.875	7.875
"01-01"	3.79545454545455	5	5.75	1.625
"01-02"	2.86363636363636	4.85	7.125	5.125
"01-03"	1.93181818181818	4.35	4.625	6.375
"01-04"	1.13636363636364	1.95	4.25	7.25
"01-05"	3.11363636363636	4.55	6.375	8.125
"01-06"	1.77272727272727	3.65	4.75	7.75
"01-07"	5.79545454545455	6.7	8	8.25
"01-08"	3.13636363636364	5.1	6.375	5.125
"01-09"	1.84090909090909	2.55	4.25	1
