"full.sun"	"partly.sun"	"shade"	"crevice"
"12-03"	3.875	1.8	0	0.375
"12-04"	3.33333333333333	4.85	2.125	2.625
"12-05"	3.625	4.25	2.25	4.625
"12-06"	3.89583333333333	6.25	3.125	5.375
"12-07"	1.6875	2.5	6.75	3.25
"12-08"	1.04166666666667	2	5.75	5.125
"12-09"	2.9375	1.1	0.625	3.375
"12-10"	4.27083333333333	3.35	1.875	4.375
"12-11"	4.29166666666667	2.9	2.25	2.25
"12-12"	4.27083333333333	3	1.75	2.25
"12-13"	1.6875	0.45	0	0
"12-14"	3.75	4.55	1.75	3.5
"12-15"	2.64583333333333	5.65	5.625	4.875
"12-16"	4.4375	3.3	1.125	2.5
"12-17"	0	0	0	0
"12-18"	2.47916666666667	0.95	0	0.375
"12-19"	4.52083333333333	5	3	4.125
"12-20"	2.02083333333333	4.1	6.25	3.75
"12-21"	4.625	3.9	0	0
"12-22"	2.83333333333333	6.05	4.75	4.75
"12-23"	4.70833333333333	6.6	3.875	3
"12-24"	3.375	6	4.125	2.375
"12-25"	4.39583333333333	3.4	1.25	1.625
"12-26"	2.83333333333333	5.8	3.625	4
"12-27"	3.125	5.35	3.375	4.375
"12-28"	3.5625	5.65	3.125	4.875
"12-29"	2.72916666666667	5.55	5	5.125
"12-30"	3.375	5.95	4.25	5
"12-31"	4.54166666666667	6.5	6.375	2.5
"01-01"	4.02083333333333	1.1	0	0.375
"01-02"	3.1875	6.45	3.125	3.5
"01-03"	1.66666666666667	4.4	6.5	3.125
"01-04"	1.33333333333333	2.6	6.25	6
"01-05"	3.77083333333333	6.3	6.375	5.5
"01-06"	2.1875	5.35	7.25	5.625
"01-07"	4.64583333333333	4	0.5	0.125
"01-08"	4.54166666666667	3.85	2.375	0.5
"01-09"	1.89583333333333	2.5	1.625	0
