"full.sun"	"partly.sun"	"shade"	"crevice"
"12-03"	1.8125	1.55	0	0
"12-04"	1.625	2.35	0.875	0.5
"12-05"	2.08333333333333	2.1	0	2
"12-06"	2.22916666666667	3.05	2	2.5
"12-07"	1.10416666666667	1.65	6.375	3.75
"12-08"	0.854166666666667	1.55	4.5	6.25
"12-09"	1.85416666666667	1.7	0.125	0
"12-10"	2.02083333333333	2	0.125	1.625
"12-11"	2.08333333333333	2.25	0.625	0
"12-12"	2.14583333333333	2.2	0.625	0
"12-13"	0.604166666666667	0.35	0.375	0
"12-14"	1.70833333333333	2.45	1.125	1.75
"12-15"	1.20833333333333	2.15	4.375	3.5
"12-16"	2.35416666666667	2.95	0	0
"12-17"	0	0	0	0
"12-18"	1.14583333333333	1.2	0	0
"12-19"	2.02083333333333	2.4	1.25	1.5
"12-20"	1.16666666666667	2.1	5.125	3
"12-21"	2.66666666666667	1.9	0.125	0
"12-22"	1.375	2.75	1.25	2.75
"12-23"	2.22916666666667	4.05	3.375	0.375
"12-24"	1.70833333333333	2.2	4.125	0
"12-25"	1.95833333333333	2.45	1.25	0
"12-26"	1.29166666666667	3.05	1.625	1.875
"12-27"	1.64583333333333	2.25	4.5	1.75
"12-28"	2.08333333333333	3.15	0.875	2
"12-29"	1.45833333333333	2.6	4.75	2.75
"12-30"	1.83333333333333	3	4.75	2.125
"12-31"	2.16666666666667	2.8	5.25	0
"01-01"	1.95833333333333	1.8	0.5	0
"01-02"	1.39583333333333	2.9	1.625	1.625
"01-03"	1.02083333333333	2.4	5.625	2.875
"01-04"	1	1.7	5.5	5.875
"01-05"	1.8125	2.9	5.75	4.25
"01-06"	1.0625	2.5	6.375	4.5
"01-07"	2.875	2.75	2.25	0
"01-08"	2.02083333333333	2.45	2.125	0
"01-09"	1.10416666666667	1.35	0.875	0
