"full.sun"	"partly.sun"	"shade"	"crevice"
"12-03"	3.8	3.7	2.25	1.5
"12-04"	3.025	5.95	3.625	2.875
"12-05"	3.525	5.05	4.25	2.5
"12-06"	3.775	7.4	5.75	3.625
"12-07"	1.7	3.95	5.25	4.875
"12-08"	1.15	2.55	4.875	5.875
"12-09"	3.475	3.9	2.625	2.75
"12-10"	3.975	4.55	3.5	2.5
"12-11"	3.7	4.8	3	1.375
"12-12"	3.95	4.95	3.25	1.75
"12-13"	3.7	1.25	1	0
"12-14"	3.475	5.15	3.25	2.375
"12-15"	2.575	6.45	5.625	3.875
"12-16"	4.5	5.6	3.125	3
"12-17"	0.05	0	0	0
"12-18"	2.9	3.05	1.5	0.375
"12-19"	3.85	6.55	4.25	2.625
"12-20"	2.125	6.25	5.875	3.625
"12-21"	6.825	8.45	4	4.375
"12-22"	2.6	5.9	5.375	3.75
"12-23"	3.75	6.75	6.25	3.375
"12-24"	2.825	6.45	5.25	3.125
"12-25"	3.925	4.75	3.25	2.25
"12-26"	2.95	6.3	5.25	2.25
"12-27"	3.05	6.5	5	3.75
"12-28"	4.075	6.7	5.5	3.125
"12-29"	2.775	6.75	5.875	4
"12-30"	3.225	6.7	6.25	4.75
"12-31"	3.375	6.75	6.25	5.625
"01-01"	3.975	3.05	2.875	0.25
"01-02"	2.925	6.6	5.625	2.375
"01-03"	2.05	5	4.875	3.75
"01-04"	1.35	3.5	4.875	7.375
"01-05"	3.375	6.9	5.875	7.5
"01-06"	2.05	6	5.75	5.5
"01-07"	6.45	8.05	5.375	4.625
"01-08"	3.35	5.9	3.75	2.25
"01-09"	1.75	3	1.25	0
