"full.sun"	"partly.sun"	"shade"	"crevice"
"12-03"	5.02083333333333	4.3	3.375	0.75
"12-04"	4.0625	6.35	6	3.125
"12-05"	4.4375	5.25	4.75	3.25
"12-06"	4.27083333333333	7.3	6.5	5.375
"12-07"	1.60416666666667	3.35	5.125	6.375
"12-08"	0.895833333333333	1.85	5.375	9
"12-09"	5.02083333333333	4.05	5.625	9
"12-10"	4.95833333333333	4.75	4.75	3.125
"12-11"	4.54166666666667	5.95	5.75	3.125
"12-12"	4.29166666666667	6.4	5.25	2.875
"12-13"	4.54166666666667	2.2	1.25	0
"12-14"	3.625	6.55	5.875	3
"12-15"	2.72916666666667	5.8	5.375	5.5
"12-16"	5.45833333333333	6.4	6.375	5.625
"12-17"	0.208333333333333	0	0	0
"12-18"	4.89583333333333	3.35	2.625	2.75
"12-19"	3.9375	7.3	6.25	3
"12-20"	2.39583333333333	5.8	4.875	5.375
"12-21"	8.64583333333333	8.55	5	3.625
"12-22"	2.83333333333333	5.6	6	4.875
"12-23"	4.14583333333333	8.05	6.125	3.125
"12-24"	3.54166666666667	6.4	6.375	3
"12-25"	5.0625	6.75	6.125	2.75
"12-26"	2.875	5.95	5.625	3.625
"12-27"	3.625	6.9	5.625	5.625
"12-28"	4.14583333333333	6.8	6.5	5.25
"12-29"	3.10416666666667	6.05	5.25	6
"12-30"	3.45833333333333	7.35	6.375	6.75
"12-31"	4.14583333333333	7.6	6.75	6.875
"01-01"	5.47916666666667	5.1	5.125	0.625
"01-02"	3.16666666666667	6.25	6.125	2.875
"01-03"	2	5.45	4.875	5.625
"01-04"	1.33333333333333	3	5.25	10.25
"01-05"	3.83333333333333	7.3	7.25	8.875
"01-06"	2.29166666666667	6.05	5.5	7.375
"01-07"	8.64583333333333	8.8	7.5	1.25
"01-08"	4.60416666666667	6.3	7.125	2.375
"01-09"	2.08333333333333	2.85	3	0.625
